2.270529019404501014e+04
1.952313897455856204e+04
1.909165607759501290e+04
1.748500695724636535e+04
1.623728823033318804e+04
1.598457078510253996e+04
1.640051409743229306e+04
1.435816246393798792e+04
1.579064929251503963e+04
1.388811153810051474e+04
1.268361030661203768e+04
1.189611799715700363e+04
1.111195143892716442e+04
1.027956858234741958e+04
9.784060472738628960e+03
9.766604929910103237e+03
1.003412838293467757e+04
9.157311874615388660e+03
8.910348493034856801e+03
7.601875601839331466e+03
7.393588857730944255e+03
6.341483516829485779e+03
6.912448414204095570e+03
6.243385077837040626e+03
5.910321293224685178e+03
5.574248254732833630e+03
5.524213321049242040e+03
