3.435126443615710014e+04
2.787944998230144120e+04
2.934388221511153824e+04
2.711505591183242359e+04
2.044153480257782940e+04
1.280072979214136285e+04
9.624928786723072335e+03
7.207127779527678285e+03
5.095180238469147298e+03
4.340507692762324950e+03
3.852471009418190533e+03
3.471757363065652953e+03
3.123676112833911247e+03
3.034411627420699460e+03
3.021230479596326859e+03
2.905329172766338615e+03
2.883227459721480500e+03
2.841036926930072241e+03
2.830612585474074876e+03
2.827744172233085919e+03
2.815295781973329667e+03
2.816712617668591520e+03
2.816177327846647586e+03
2.815295781973331032e+03
2.816712617668590156e+03
2.815295781973331032e+03
2.815295781973329667e+03
2.816177327846648950e+03
2.815295781973329667e+03
2.815295781973331032e+03
2.815295781973329667e+03
2.815295781973331032e+03
2.815295781973329667e+03
2.815295781973331032e+03
2.815295781973329667e+03
2.815295781973331032e+03
2.815295781973329667e+03
2.815295781973331032e+03
2.815295781973329667e+03
2.815295781973331032e+03
2.815295781973329667e+03
2.815295781973331032e+03
2.815295781973329667e+03
2.815295781973331032e+03
2.815295781973329667e+03
2.815295781973331032e+03
2.815295781973329667e+03
2.815295781973331032e+03
2.815295781973329667e+03
2.815295781973331032e+03
2.815295781973329667e+03
2.815295781973331032e+03
2.815295781973329667e+03
2.815295781973331032e+03
2.815295781973329667e+03
2.815295781973331032e+03
2.815295781973329667e+03
2.815295781973331032e+03
2.815295781973329667e+03
2.815295781973331032e+03
2.815295781973329667e+03
2.815295781973331032e+03
2.815295781973329667e+03
2.815295781973331032e+03
2.815295781973329667e+03
2.815295781973331032e+03
2.815295781973329667e+03
2.815295781973331032e+03
2.815295781973329667e+03
2.815295781973331032e+03
2.815295781973329667e+03
2.815295781973331032e+03
2.815295781973329667e+03
2.815295781973331032e+03
2.815295781973329667e+03
2.815295781973331032e+03
2.815295781973329667e+03
2.815295781973331032e+03
2.815295781973329667e+03
2.815295781973331032e+03
2.815295781973329667e+03
2.815295781973331032e+03
2.815295781973329667e+03
2.815295781973331032e+03
2.815295781973329667e+03
2.815295781973331032e+03
2.815295781973329667e+03
2.815295781973331032e+03
2.815295781973329667e+03
2.815295781973331032e+03
2.815295781973329667e+03
2.815295781973331032e+03
2.815295781973329667e+03
2.815295781973331032e+03
2.815295781973329667e+03
2.815295781973331032e+03
2.815295781973329667e+03
2.815295781973331032e+03
2.815295781973329667e+03
2.815295781973331032e+03
2.815295781973329667e+03
