7.779151280084723840e+05
1.557152006081269938e+05
1.475152645848424290e+05
1.029206715211969131e+05
7.965845328493363922e+04
6.199166765778866829e+04
5.717605947133075097e+04
5.545817644717700750e+04
5.464178869375510112e+04
5.451925313287662721e+04
5.449649216359981074e+04
5.449245169004206400e+04
5.450187579596827709e+04
5.449245169004206400e+04
5.449564924167223217e+04
5.449057956078006100e+04
5.449057956078007555e+04
5.449057956078006100e+04
5.449057956078007555e+04
5.449057956078006100e+04
5.449245169004207128e+04
